{
 "cells": [
  {
   "attachments": {},
   "cell_type": "markdown",
   "id": "502f6109",
   "metadata": {},
   "source": [
    "# Portfolio simulation\n",
    "#### Using Vasicek 2 factor model\n",
    "\n",
    "Both the yield curve and the inflation rates are assumed to follow a Vasicek model. The movement of the two curves is given by a two dimensional correlated Brownian motion."
   ]
  },
  {
   "cell_type": "code",
   "execution_count": 1,
   "id": "31b87f68",
   "metadata": {},
   "outputs": [],
   "source": [
    "from src.data import dataset\n",
    "import numpy as np\n",
    "import pandas as pd\n",
    "import matplotlib.pyplot as plt\n",
    "\n",
    "from scipy.optimize import minimize\n",
    "from scipy.stats import norm"
   ]
  },
  {
   "cell_type": "code",
   "execution_count": 2,
   "id": "dffe5e0b",
   "metadata": {},
   "outputs": [],
   "source": [
    "def vasicek(r0, K, theta, sigma, T, N, seed=None):\n",
    "    np.random.seed(seed)\n",
    "    dt = T / float(N)\n",
    "    rates = [r0]\n",
    "    for i in range(N):\n",
    "        dr = K * (theta - rates[-1]) * dt + sigma * np.random.normal()\n",
    "        rates.append(rates[-1] + dr)\n",
    "    return range(N+1), rates"
   ]
  },
  {
   "attachments": {},
   "cell_type": "markdown",
   "id": "bfb547bf",
   "metadata": {},
   "source": [
    "This function takes the initial short-term interest rate (r0), mean reversion rate (K), long-term interest rate (theta), volatility (sigma), time horizon (T), number of time steps (N), and a seed for the random number generator (seed)."
   ]
  },
  {
   "cell_type": "code",
   "execution_count": 3,
   "id": "3b207ae0",
   "metadata": {},
   "outputs": [
    {
     "name": "stderr",
     "output_type": "stream",
     "text": [
      "2023-03-15 16:43:12.912 | INFO     | src.data.dataset:read_data:141 - reading zero curve data from ESW.\n"
     ]
    }
   ],
   "source": [
    "zerocurve = dataset.Zerocurve()\n",
    "zerocurve.load_data()"
   ]
  },
  {
   "cell_type": "code",
   "execution_count": 4,
   "id": "9475010e",
   "metadata": {},
   "outputs": [],
   "source": [
    "data = zerocurve.df.pivot(columns = 'tenor', values = 'rate')"
   ]
  },
  {
   "cell_type": "code",
   "execution_count": 5,
   "id": "df3c64f4",
   "metadata": {},
   "outputs": [
    {
     "data": {
      "text/html": [
       "<div>\n",
       "<style scoped>\n",
       "    .dataframe tbody tr th:only-of-type {\n",
       "        vertical-align: middle;\n",
       "    }\n",
       "\n",
       "    .dataframe tbody tr th {\n",
       "        vertical-align: top;\n",
       "    }\n",
       "\n",
       "    .dataframe thead th {\n",
       "        text-align: right;\n",
       "    }\n",
       "</style>\n",
       "<table border=\"1\" class=\"dataframe\">\n",
       "  <thead>\n",
       "    <tr style=\"text-align: right;\">\n",
       "      <th>tenor</th>\n",
       "      <th>1 Year</th>\n",
       "      <th>10 Years</th>\n",
       "      <th>15 Months</th>\n",
       "      <th>15 Years</th>\n",
       "      <th>18 Months</th>\n",
       "      <th>2 Years</th>\n",
       "      <th>3 Months</th>\n",
       "      <th>3 Years</th>\n",
       "      <th>30 Years</th>\n",
       "      <th>4 Years</th>\n",
       "      <th>5 Years</th>\n",
       "      <th>6 Months</th>\n",
       "      <th>7 Years</th>\n",
       "      <th>9 Months</th>\n",
       "      <th>ON</th>\n",
       "    </tr>\n",
       "    <tr>\n",
       "      <th>rate_dt</th>\n",
       "      <th></th>\n",
       "      <th></th>\n",
       "      <th></th>\n",
       "      <th></th>\n",
       "      <th></th>\n",
       "      <th></th>\n",
       "      <th></th>\n",
       "      <th></th>\n",
       "      <th></th>\n",
       "      <th></th>\n",
       "      <th></th>\n",
       "      <th></th>\n",
       "      <th></th>\n",
       "      <th></th>\n",
       "      <th></th>\n",
       "    </tr>\n",
       "  </thead>\n",
       "  <tbody>\n",
       "    <tr>\n",
       "      <th>2004-09-06</th>\n",
       "      <td>2.651565</td>\n",
       "      <td>5.217850</td>\n",
       "      <td>2.822715</td>\n",
       "      <td>5.367339</td>\n",
       "      <td>2.988139</td>\n",
       "      <td>3.298175</td>\n",
       "      <td>2.121240</td>\n",
       "      <td>3.825284</td>\n",
       "      <td>5.410036</td>\n",
       "      <td>4.232494</td>\n",
       "      <td>4.538927</td>\n",
       "      <td>2.298449</td>\n",
       "      <td>4.934807</td>\n",
       "      <td>2.476137</td>\n",
       "      <td>2.121240</td>\n",
       "    </tr>\n",
       "    <tr>\n",
       "      <th>2004-09-07</th>\n",
       "      <td>2.700174</td>\n",
       "      <td>5.193965</td>\n",
       "      <td>2.872345</td>\n",
       "      <td>5.346548</td>\n",
       "      <td>3.036262</td>\n",
       "      <td>3.338711</td>\n",
       "      <td>2.139612</td>\n",
       "      <td>3.844763</td>\n",
       "      <td>5.391362</td>\n",
       "      <td>4.233661</td>\n",
       "      <td>4.527671</td>\n",
       "      <td>2.332966</td>\n",
       "      <td>4.912476</td>\n",
       "      <td>2.520157</td>\n",
       "      <td>2.139612</td>\n",
       "    </tr>\n",
       "    <tr>\n",
       "      <th>2004-09-08</th>\n",
       "      <td>2.731688</td>\n",
       "      <td>5.195932</td>\n",
       "      <td>2.906993</td>\n",
       "      <td>5.343014</td>\n",
       "      <td>3.072722</td>\n",
       "      <td>3.375993</td>\n",
       "      <td>2.149441</td>\n",
       "      <td>3.877788</td>\n",
       "      <td>5.385502</td>\n",
       "      <td>4.259989</td>\n",
       "      <td>4.547567</td>\n",
       "      <td>2.352607</td>\n",
       "      <td>4.922632</td>\n",
       "      <td>2.546828</td>\n",
       "      <td>2.149441</td>\n",
       "    </tr>\n",
       "    <tr>\n",
       "      <th>2004-09-09</th>\n",
       "      <td>2.662770</td>\n",
       "      <td>5.158222</td>\n",
       "      <td>2.829146</td>\n",
       "      <td>5.324286</td>\n",
       "      <td>2.988434</td>\n",
       "      <td>3.284360</td>\n",
       "      <td>2.129304</td>\n",
       "      <td>3.784690</td>\n",
       "      <td>5.376611</td>\n",
       "      <td>4.173438</td>\n",
       "      <td>4.470124</td>\n",
       "      <td>2.311673</td>\n",
       "      <td>4.863580</td>\n",
       "      <td>2.489955</td>\n",
       "      <td>2.129304</td>\n",
       "    </tr>\n",
       "    <tr>\n",
       "      <th>2004-09-10</th>\n",
       "      <td>2.593700</td>\n",
       "      <td>5.136517</td>\n",
       "      <td>2.754329</td>\n",
       "      <td>5.302756</td>\n",
       "      <td>2.911134</td>\n",
       "      <td>3.208441</td>\n",
       "      <td>2.110625</td>\n",
       "      <td>3.722313</td>\n",
       "      <td>5.355005</td>\n",
       "      <td>4.125765</td>\n",
       "      <td>4.433397</td>\n",
       "      <td>2.268949</td>\n",
       "      <td>4.837977</td>\n",
       "      <td>2.431078</td>\n",
       "      <td>2.110625</td>\n",
       "    </tr>\n",
       "  </tbody>\n",
       "</table>\n",
       "</div>"
      ],
      "text/plain": [
       "tenor         1 Year  10 Years  15 Months  15 Years  18 Months   2 Years  \\\n",
       "rate_dt                                                                    \n",
       "2004-09-06  2.651565  5.217850   2.822715  5.367339   2.988139  3.298175   \n",
       "2004-09-07  2.700174  5.193965   2.872345  5.346548   3.036262  3.338711   \n",
       "2004-09-08  2.731688  5.195932   2.906993  5.343014   3.072722  3.375993   \n",
       "2004-09-09  2.662770  5.158222   2.829146  5.324286   2.988434  3.284360   \n",
       "2004-09-10  2.593700  5.136517   2.754329  5.302756   2.911134  3.208441   \n",
       "\n",
       "tenor       3 Months   3 Years  30 Years   4 Years   5 Years  6 Months  \\\n",
       "rate_dt                                                                  \n",
       "2004-09-06  2.121240  3.825284  5.410036  4.232494  4.538927  2.298449   \n",
       "2004-09-07  2.139612  3.844763  5.391362  4.233661  4.527671  2.332966   \n",
       "2004-09-08  2.149441  3.877788  5.385502  4.259989  4.547567  2.352607   \n",
       "2004-09-09  2.129304  3.784690  5.376611  4.173438  4.470124  2.311673   \n",
       "2004-09-10  2.110625  3.722313  5.355005  4.125765  4.433397  2.268949   \n",
       "\n",
       "tenor        7 Years  9 Months        ON  \n",
       "rate_dt                                   \n",
       "2004-09-06  4.934807  2.476137  2.121240  \n",
       "2004-09-07  4.912476  2.520157  2.139612  \n",
       "2004-09-08  4.922632  2.546828  2.149441  \n",
       "2004-09-09  4.863580  2.489955  2.129304  \n",
       "2004-09-10  4.837977  2.431078  2.110625  "
      ]
     },
     "execution_count": 5,
     "metadata": {},
     "output_type": "execute_result"
    }
   ],
   "source": [
    "data.head()"
   ]
  },
  {
   "cell_type": "code",
   "execution_count": 8,
   "id": "ae4f5fe9",
   "metadata": {},
   "outputs": [],
   "source": [
    "r0 = data.iloc[0, :]"
   ]
  },
  {
   "cell_type": "code",
   "execution_count": 9,
   "id": "c0f8d3d9",
   "metadata": {},
   "outputs": [
    {
     "data": {
      "text/plain": [
       "tenor\n",
       "1 Year       2.651565\n",
       "10 Years     5.217850\n",
       "15 Months    2.822715\n",
       "15 Years     5.367339\n",
       "18 Months    2.988139\n",
       "2 Years      3.298175\n",
       "3 Months     2.121240\n",
       "3 Years      3.825284\n",
       "30 Years     5.410036\n",
       "4 Years      4.232494\n",
       "5 Years      4.538927\n",
       "6 Months     2.298449\n",
       "7 Years      4.934807\n",
       "9 Months     2.476137\n",
       "ON           2.121240\n",
       "Name: 2004-09-06 00:00:00, dtype: float64"
      ]
     },
     "execution_count": 9,
     "metadata": {},
     "output_type": "execute_result"
    }
   ],
   "source": [
    "r0"
   ]
  },
  {
   "cell_type": "code",
   "execution_count": 23,
   "id": "03ff48db",
   "metadata": {},
   "outputs": [],
   "source": [
    "import pandas as pd\n",
    "from datetime import datetime\n",
    "start_date = df.index.min()\n",
    "end_date = df.index.max()\n",
    "pred_end_date = datetime(2023,3,31)"
   ]
  },
  {
   "cell_type": "code",
   "execution_count": 55,
   "id": "af1c2971",
   "metadata": {},
   "outputs": [],
   "source": [
    "yield_data = df.pivot(columns = 'tenor', values = 'rate')"
   ]
  },
  {
   "cell_type": "code",
   "execution_count": 56,
   "id": "c2d81669",
   "metadata": {},
   "outputs": [
    {
     "data": {
      "text/plain": [
       "70920"
      ]
     },
     "execution_count": 56,
     "metadata": {},
     "output_type": "execute_result"
    }
   ],
   "source": [
    "yield_data.size"
   ]
  },
  {
   "cell_type": "code",
   "execution_count": 57,
   "id": "2983b619",
   "metadata": {},
   "outputs": [
    {
     "data": {
      "text/html": [
       "<div>\n",
       "<style scoped>\n",
       "    .dataframe tbody tr th:only-of-type {\n",
       "        vertical-align: middle;\n",
       "    }\n",
       "\n",
       "    .dataframe tbody tr th {\n",
       "        vertical-align: top;\n",
       "    }\n",
       "\n",
       "    .dataframe thead th {\n",
       "        text-align: right;\n",
       "    }\n",
       "</style>\n",
       "<table border=\"1\" class=\"dataframe\">\n",
       "  <thead>\n",
       "    <tr style=\"text-align: right;\">\n",
       "      <th>tenor</th>\n",
       "      <th>1 Year</th>\n",
       "      <th>10 Years</th>\n",
       "      <th>15 Months</th>\n",
       "      <th>15 Years</th>\n",
       "      <th>18 Months</th>\n",
       "      <th>2 Years</th>\n",
       "      <th>3 Months</th>\n",
       "      <th>3 Years</th>\n",
       "      <th>30 Years</th>\n",
       "      <th>4 Years</th>\n",
       "      <th>5 Years</th>\n",
       "      <th>6 Months</th>\n",
       "      <th>7 Years</th>\n",
       "      <th>9 Months</th>\n",
       "      <th>ON</th>\n",
       "    </tr>\n",
       "    <tr>\n",
       "      <th>tenor</th>\n",
       "      <th></th>\n",
       "      <th></th>\n",
       "      <th></th>\n",
       "      <th></th>\n",
       "      <th></th>\n",
       "      <th></th>\n",
       "      <th></th>\n",
       "      <th></th>\n",
       "      <th></th>\n",
       "      <th></th>\n",
       "      <th></th>\n",
       "      <th></th>\n",
       "      <th></th>\n",
       "      <th></th>\n",
       "      <th></th>\n",
       "    </tr>\n",
       "  </thead>\n",
       "  <tbody>\n",
       "    <tr>\n",
       "      <th>1 Year</th>\n",
       "      <td>2.635</td>\n",
       "      <td>2.135</td>\n",
       "      <td>2.645</td>\n",
       "      <td>2.085</td>\n",
       "      <td>2.647</td>\n",
       "      <td>2.636</td>\n",
       "      <td>2.456</td>\n",
       "      <td>2.578</td>\n",
       "      <td>2.170</td>\n",
       "      <td>2.499</td>\n",
       "      <td>2.415</td>\n",
       "      <td>2.560</td>\n",
       "      <td>2.267</td>\n",
       "      <td>2.610</td>\n",
       "      <td>2.456</td>\n",
       "    </tr>\n",
       "    <tr>\n",
       "      <th>10 Years</th>\n",
       "      <td>2.135</td>\n",
       "      <td>3.051</td>\n",
       "      <td>2.225</td>\n",
       "      <td>2.880</td>\n",
       "      <td>2.310</td>\n",
       "      <td>2.461</td>\n",
       "      <td>1.865</td>\n",
       "      <td>2.693</td>\n",
       "      <td>2.360</td>\n",
       "      <td>2.851</td>\n",
       "      <td>2.955</td>\n",
       "      <td>1.948</td>\n",
       "      <td>3.055</td>\n",
       "      <td>2.041</td>\n",
       "      <td>1.865</td>\n",
       "    </tr>\n",
       "    <tr>\n",
       "      <th>15 Months</th>\n",
       "      <td>2.645</td>\n",
       "      <td>2.225</td>\n",
       "      <td>2.666</td>\n",
       "      <td>2.166</td>\n",
       "      <td>2.677</td>\n",
       "      <td>2.680</td>\n",
       "      <td>2.442</td>\n",
       "      <td>2.642</td>\n",
       "      <td>2.215</td>\n",
       "      <td>2.575</td>\n",
       "      <td>2.498</td>\n",
       "      <td>2.551</td>\n",
       "      <td>2.358</td>\n",
       "      <td>2.610</td>\n",
       "      <td>2.442</td>\n",
       "    </tr>\n",
       "    <tr>\n",
       "      <th>15 Years</th>\n",
       "      <td>2.085</td>\n",
       "      <td>2.880</td>\n",
       "      <td>2.166</td>\n",
       "      <td>2.742</td>\n",
       "      <td>2.240</td>\n",
       "      <td>2.371</td>\n",
       "      <td>1.844</td>\n",
       "      <td>2.570</td>\n",
       "      <td>2.286</td>\n",
       "      <td>2.704</td>\n",
       "      <td>2.792</td>\n",
       "      <td>1.919</td>\n",
       "      <td>2.878</td>\n",
       "      <td>2.002</td>\n",
       "      <td>1.844</td>\n",
       "    </tr>\n",
       "    <tr>\n",
       "      <th>18 Months</th>\n",
       "      <td>2.647</td>\n",
       "      <td>2.310</td>\n",
       "      <td>2.677</td>\n",
       "      <td>2.240</td>\n",
       "      <td>2.696</td>\n",
       "      <td>2.713</td>\n",
       "      <td>2.426</td>\n",
       "      <td>2.696</td>\n",
       "      <td>2.255</td>\n",
       "      <td>2.642</td>\n",
       "      <td>2.574</td>\n",
       "      <td>2.537</td>\n",
       "      <td>2.442</td>\n",
       "      <td>2.604</td>\n",
       "      <td>2.426</td>\n",
       "    </tr>\n",
       "    <tr>\n",
       "      <th>2 Years</th>\n",
       "      <td>2.636</td>\n",
       "      <td>2.461</td>\n",
       "      <td>2.680</td>\n",
       "      <td>2.371</td>\n",
       "      <td>2.713</td>\n",
       "      <td>2.756</td>\n",
       "      <td>2.389</td>\n",
       "      <td>2.779</td>\n",
       "      <td>2.321</td>\n",
       "      <td>2.752</td>\n",
       "      <td>2.702</td>\n",
       "      <td>2.502</td>\n",
       "      <td>2.589</td>\n",
       "      <td>2.579</td>\n",
       "      <td>2.389</td>\n",
       "    </tr>\n",
       "    <tr>\n",
       "      <th>3 Months</th>\n",
       "      <td>2.456</td>\n",
       "      <td>1.865</td>\n",
       "      <td>2.442</td>\n",
       "      <td>1.844</td>\n",
       "      <td>2.426</td>\n",
       "      <td>2.389</td>\n",
       "      <td>2.387</td>\n",
       "      <td>2.304</td>\n",
       "      <td>1.995</td>\n",
       "      <td>2.213</td>\n",
       "      <td>2.125</td>\n",
       "      <td>2.452</td>\n",
       "      <td>1.981</td>\n",
       "      <td>2.463</td>\n",
       "      <td>2.387</td>\n",
       "    </tr>\n",
       "    <tr>\n",
       "      <th>3 Years</th>\n",
       "      <td>2.578</td>\n",
       "      <td>2.693</td>\n",
       "      <td>2.642</td>\n",
       "      <td>2.570</td>\n",
       "      <td>2.696</td>\n",
       "      <td>2.779</td>\n",
       "      <td>2.304</td>\n",
       "      <td>2.869</td>\n",
       "      <td>2.407</td>\n",
       "      <td>2.893</td>\n",
       "      <td>2.879</td>\n",
       "      <td>2.416</td>\n",
       "      <td>2.807</td>\n",
       "      <td>2.504</td>\n",
       "      <td>2.304</td>\n",
       "    </tr>\n",
       "    <tr>\n",
       "      <th>30 Years</th>\n",
       "      <td>2.170</td>\n",
       "      <td>2.360</td>\n",
       "      <td>2.215</td>\n",
       "      <td>2.286</td>\n",
       "      <td>2.255</td>\n",
       "      <td>2.321</td>\n",
       "      <td>1.995</td>\n",
       "      <td>2.407</td>\n",
       "      <td>2.288</td>\n",
       "      <td>2.449</td>\n",
       "      <td>2.460</td>\n",
       "      <td>2.064</td>\n",
       "      <td>2.433</td>\n",
       "      <td>2.120</td>\n",
       "      <td>1.995</td>\n",
       "    </tr>\n",
       "    <tr>\n",
       "      <th>4 Years</th>\n",
       "      <td>2.499</td>\n",
       "      <td>2.851</td>\n",
       "      <td>2.575</td>\n",
       "      <td>2.704</td>\n",
       "      <td>2.642</td>\n",
       "      <td>2.752</td>\n",
       "      <td>2.213</td>\n",
       "      <td>2.893</td>\n",
       "      <td>2.449</td>\n",
       "      <td>2.959</td>\n",
       "      <td>2.978</td>\n",
       "      <td>2.321</td>\n",
       "      <td>2.948</td>\n",
       "      <td>2.415</td>\n",
       "      <td>2.213</td>\n",
       "    </tr>\n",
       "    <tr>\n",
       "      <th>5 Years</th>\n",
       "      <td>2.415</td>\n",
       "      <td>2.955</td>\n",
       "      <td>2.498</td>\n",
       "      <td>2.792</td>\n",
       "      <td>2.574</td>\n",
       "      <td>2.702</td>\n",
       "      <td>2.125</td>\n",
       "      <td>2.879</td>\n",
       "      <td>2.460</td>\n",
       "      <td>2.978</td>\n",
       "      <td>3.025</td>\n",
       "      <td>2.229</td>\n",
       "      <td>3.032</td>\n",
       "      <td>2.325</td>\n",
       "      <td>2.125</td>\n",
       "    </tr>\n",
       "    <tr>\n",
       "      <th>6 Months</th>\n",
       "      <td>2.560</td>\n",
       "      <td>1.948</td>\n",
       "      <td>2.551</td>\n",
       "      <td>1.919</td>\n",
       "      <td>2.537</td>\n",
       "      <td>2.502</td>\n",
       "      <td>2.452</td>\n",
       "      <td>2.416</td>\n",
       "      <td>2.064</td>\n",
       "      <td>2.321</td>\n",
       "      <td>2.229</td>\n",
       "      <td>2.536</td>\n",
       "      <td>2.076</td>\n",
       "      <td>2.560</td>\n",
       "      <td>2.452</td>\n",
       "    </tr>\n",
       "    <tr>\n",
       "      <th>7 Years</th>\n",
       "      <td>2.267</td>\n",
       "      <td>3.055</td>\n",
       "      <td>2.358</td>\n",
       "      <td>2.878</td>\n",
       "      <td>2.442</td>\n",
       "      <td>2.589</td>\n",
       "      <td>1.981</td>\n",
       "      <td>2.807</td>\n",
       "      <td>2.433</td>\n",
       "      <td>2.948</td>\n",
       "      <td>3.032</td>\n",
       "      <td>2.076</td>\n",
       "      <td>3.094</td>\n",
       "      <td>2.172</td>\n",
       "      <td>1.981</td>\n",
       "    </tr>\n",
       "    <tr>\n",
       "      <th>9 Months</th>\n",
       "      <td>2.610</td>\n",
       "      <td>2.041</td>\n",
       "      <td>2.610</td>\n",
       "      <td>2.002</td>\n",
       "      <td>2.604</td>\n",
       "      <td>2.579</td>\n",
       "      <td>2.463</td>\n",
       "      <td>2.504</td>\n",
       "      <td>2.120</td>\n",
       "      <td>2.415</td>\n",
       "      <td>2.325</td>\n",
       "      <td>2.560</td>\n",
       "      <td>2.172</td>\n",
       "      <td>2.598</td>\n",
       "      <td>2.463</td>\n",
       "    </tr>\n",
       "    <tr>\n",
       "      <th>ON</th>\n",
       "      <td>2.456</td>\n",
       "      <td>1.865</td>\n",
       "      <td>2.442</td>\n",
       "      <td>1.844</td>\n",
       "      <td>2.426</td>\n",
       "      <td>2.389</td>\n",
       "      <td>2.387</td>\n",
       "      <td>2.304</td>\n",
       "      <td>1.995</td>\n",
       "      <td>2.213</td>\n",
       "      <td>2.125</td>\n",
       "      <td>2.452</td>\n",
       "      <td>1.981</td>\n",
       "      <td>2.463</td>\n",
       "      <td>2.387</td>\n",
       "    </tr>\n",
       "  </tbody>\n",
       "</table>\n",
       "</div>"
      ],
      "text/plain": [
       "tenor      1 Year  10 Years  15 Months  15 Years  18 Months  2 Years  \\\n",
       "tenor                                                                  \n",
       "1 Year      2.635     2.135      2.645     2.085      2.647    2.636   \n",
       "10 Years    2.135     3.051      2.225     2.880      2.310    2.461   \n",
       "15 Months   2.645     2.225      2.666     2.166      2.677    2.680   \n",
       "15 Years    2.085     2.880      2.166     2.742      2.240    2.371   \n",
       "18 Months   2.647     2.310      2.677     2.240      2.696    2.713   \n",
       "2 Years     2.636     2.461      2.680     2.371      2.713    2.756   \n",
       "3 Months    2.456     1.865      2.442     1.844      2.426    2.389   \n",
       "3 Years     2.578     2.693      2.642     2.570      2.696    2.779   \n",
       "30 Years    2.170     2.360      2.215     2.286      2.255    2.321   \n",
       "4 Years     2.499     2.851      2.575     2.704      2.642    2.752   \n",
       "5 Years     2.415     2.955      2.498     2.792      2.574    2.702   \n",
       "6 Months    2.560     1.948      2.551     1.919      2.537    2.502   \n",
       "7 Years     2.267     3.055      2.358     2.878      2.442    2.589   \n",
       "9 Months    2.610     2.041      2.610     2.002      2.604    2.579   \n",
       "ON          2.456     1.865      2.442     1.844      2.426    2.389   \n",
       "\n",
       "tenor      3 Months  3 Years  30 Years  4 Years  5 Years  6 Months  7 Years  \\\n",
       "tenor                                                                         \n",
       "1 Year        2.456    2.578     2.170    2.499    2.415     2.560    2.267   \n",
       "10 Years      1.865    2.693     2.360    2.851    2.955     1.948    3.055   \n",
       "15 Months     2.442    2.642     2.215    2.575    2.498     2.551    2.358   \n",
       "15 Years      1.844    2.570     2.286    2.704    2.792     1.919    2.878   \n",
       "18 Months     2.426    2.696     2.255    2.642    2.574     2.537    2.442   \n",
       "2 Years       2.389    2.779     2.321    2.752    2.702     2.502    2.589   \n",
       "3 Months      2.387    2.304     1.995    2.213    2.125     2.452    1.981   \n",
       "3 Years       2.304    2.869     2.407    2.893    2.879     2.416    2.807   \n",
       "30 Years      1.995    2.407     2.288    2.449    2.460     2.064    2.433   \n",
       "4 Years       2.213    2.893     2.449    2.959    2.978     2.321    2.948   \n",
       "5 Years       2.125    2.879     2.460    2.978    3.025     2.229    3.032   \n",
       "6 Months      2.452    2.416     2.064    2.321    2.229     2.536    2.076   \n",
       "7 Years       1.981    2.807     2.433    2.948    3.032     2.076    3.094   \n",
       "9 Months      2.463    2.504     2.120    2.415    2.325     2.560    2.172   \n",
       "ON            2.387    2.304     1.995    2.213    2.125     2.452    1.981   \n",
       "\n",
       "tenor      9 Months    ON  \n",
       "tenor                      \n",
       "1 Year        2.610 2.456  \n",
       "10 Years      2.041 1.865  \n",
       "15 Months     2.610 2.442  \n",
       "15 Years      2.002 1.844  \n",
       "18 Months     2.604 2.426  \n",
       "2 Years       2.579 2.389  \n",
       "3 Months      2.463 2.387  \n",
       "3 Years       2.504 2.304  \n",
       "30 Years      2.120 1.995  \n",
       "4 Years       2.415 2.213  \n",
       "5 Years       2.325 2.125  \n",
       "6 Months      2.560 2.452  \n",
       "7 Years       2.172 1.981  \n",
       "9 Months      2.598 2.463  \n",
       "ON            2.463 2.387  "
      ]
     },
     "execution_count": 57,
     "metadata": {},
     "output_type": "execute_result"
    }
   ],
   "source": [
    "yield_data.cov()"
   ]
  },
  {
   "cell_type": "code",
   "execution_count": 58,
   "id": "f4185df2",
   "metadata": {},
   "outputs": [
    {
     "data": {
      "text/html": [
       "<div>\n",
       "<style scoped>\n",
       "    .dataframe tbody tr th:only-of-type {\n",
       "        vertical-align: middle;\n",
       "    }\n",
       "\n",
       "    .dataframe tbody tr th {\n",
       "        vertical-align: top;\n",
       "    }\n",
       "\n",
       "    .dataframe thead th {\n",
       "        text-align: right;\n",
       "    }\n",
       "</style>\n",
       "<table border=\"1\" class=\"dataframe\">\n",
       "  <thead>\n",
       "    <tr style=\"text-align: right;\">\n",
       "      <th>tenor</th>\n",
       "      <th>1 Year</th>\n",
       "      <th>10 Years</th>\n",
       "      <th>15 Months</th>\n",
       "      <th>15 Years</th>\n",
       "      <th>18 Months</th>\n",
       "      <th>2 Years</th>\n",
       "      <th>3 Months</th>\n",
       "      <th>3 Years</th>\n",
       "      <th>30 Years</th>\n",
       "      <th>4 Years</th>\n",
       "      <th>5 Years</th>\n",
       "      <th>6 Months</th>\n",
       "      <th>7 Years</th>\n",
       "      <th>9 Months</th>\n",
       "      <th>ON</th>\n",
       "    </tr>\n",
       "    <tr>\n",
       "      <th>tenor</th>\n",
       "      <th></th>\n",
       "      <th></th>\n",
       "      <th></th>\n",
       "      <th></th>\n",
       "      <th></th>\n",
       "      <th></th>\n",
       "      <th></th>\n",
       "      <th></th>\n",
       "      <th></th>\n",
       "      <th></th>\n",
       "      <th></th>\n",
       "      <th></th>\n",
       "      <th></th>\n",
       "      <th></th>\n",
       "      <th></th>\n",
       "    </tr>\n",
       "  </thead>\n",
       "  <tbody>\n",
       "    <tr>\n",
       "      <th>1 Year</th>\n",
       "      <td>1.000</td>\n",
       "      <td>0.753</td>\n",
       "      <td>0.998</td>\n",
       "      <td>0.776</td>\n",
       "      <td>0.993</td>\n",
       "      <td>0.978</td>\n",
       "      <td>0.979</td>\n",
       "      <td>0.938</td>\n",
       "      <td>0.884</td>\n",
       "      <td>0.895</td>\n",
       "      <td>0.855</td>\n",
       "      <td>0.990</td>\n",
       "      <td>0.794</td>\n",
       "      <td>0.998</td>\n",
       "      <td>0.979</td>\n",
       "    </tr>\n",
       "    <tr>\n",
       "      <th>10 Years</th>\n",
       "      <td>0.753</td>\n",
       "      <td>1.000</td>\n",
       "      <td>0.780</td>\n",
       "      <td>0.996</td>\n",
       "      <td>0.805</td>\n",
       "      <td>0.849</td>\n",
       "      <td>0.691</td>\n",
       "      <td>0.910</td>\n",
       "      <td>0.893</td>\n",
       "      <td>0.949</td>\n",
       "      <td>0.973</td>\n",
       "      <td>0.700</td>\n",
       "      <td>0.994</td>\n",
       "      <td>0.725</td>\n",
       "      <td>0.691</td>\n",
       "    </tr>\n",
       "    <tr>\n",
       "      <th>15 Months</th>\n",
       "      <td>0.998</td>\n",
       "      <td>0.780</td>\n",
       "      <td>1.000</td>\n",
       "      <td>0.801</td>\n",
       "      <td>0.998</td>\n",
       "      <td>0.989</td>\n",
       "      <td>0.968</td>\n",
       "      <td>0.955</td>\n",
       "      <td>0.897</td>\n",
       "      <td>0.917</td>\n",
       "      <td>0.880</td>\n",
       "      <td>0.981</td>\n",
       "      <td>0.821</td>\n",
       "      <td>0.992</td>\n",
       "      <td>0.968</td>\n",
       "    </tr>\n",
       "    <tr>\n",
       "      <th>15 Years</th>\n",
       "      <td>0.776</td>\n",
       "      <td>0.996</td>\n",
       "      <td>0.801</td>\n",
       "      <td>1.000</td>\n",
       "      <td>0.824</td>\n",
       "      <td>0.862</td>\n",
       "      <td>0.721</td>\n",
       "      <td>0.916</td>\n",
       "      <td>0.913</td>\n",
       "      <td>0.949</td>\n",
       "      <td>0.969</td>\n",
       "      <td>0.728</td>\n",
       "      <td>0.988</td>\n",
       "      <td>0.750</td>\n",
       "      <td>0.721</td>\n",
       "    </tr>\n",
       "    <tr>\n",
       "      <th>18 Months</th>\n",
       "      <td>0.993</td>\n",
       "      <td>0.805</td>\n",
       "      <td>0.998</td>\n",
       "      <td>0.824</td>\n",
       "      <td>1.000</td>\n",
       "      <td>0.995</td>\n",
       "      <td>0.956</td>\n",
       "      <td>0.969</td>\n",
       "      <td>0.908</td>\n",
       "      <td>0.936</td>\n",
       "      <td>0.901</td>\n",
       "      <td>0.970</td>\n",
       "      <td>0.845</td>\n",
       "      <td>0.984</td>\n",
       "      <td>0.956</td>\n",
       "    </tr>\n",
       "    <tr>\n",
       "      <th>2 Years</th>\n",
       "      <td>0.978</td>\n",
       "      <td>0.849</td>\n",
       "      <td>0.989</td>\n",
       "      <td>0.862</td>\n",
       "      <td>0.995</td>\n",
       "      <td>1.000</td>\n",
       "      <td>0.932</td>\n",
       "      <td>0.988</td>\n",
       "      <td>0.924</td>\n",
       "      <td>0.964</td>\n",
       "      <td>0.936</td>\n",
       "      <td>0.946</td>\n",
       "      <td>0.886</td>\n",
       "      <td>0.964</td>\n",
       "      <td>0.932</td>\n",
       "    </tr>\n",
       "    <tr>\n",
       "      <th>3 Months</th>\n",
       "      <td>0.979</td>\n",
       "      <td>0.691</td>\n",
       "      <td>0.968</td>\n",
       "      <td>0.721</td>\n",
       "      <td>0.956</td>\n",
       "      <td>0.932</td>\n",
       "      <td>1.000</td>\n",
       "      <td>0.881</td>\n",
       "      <td>0.854</td>\n",
       "      <td>0.833</td>\n",
       "      <td>0.791</td>\n",
       "      <td>0.997</td>\n",
       "      <td>0.729</td>\n",
       "      <td>0.989</td>\n",
       "      <td>1.000</td>\n",
       "    </tr>\n",
       "    <tr>\n",
       "      <th>3 Years</th>\n",
       "      <td>0.938</td>\n",
       "      <td>0.910</td>\n",
       "      <td>0.955</td>\n",
       "      <td>0.916</td>\n",
       "      <td>0.969</td>\n",
       "      <td>0.988</td>\n",
       "      <td>0.881</td>\n",
       "      <td>1.000</td>\n",
       "      <td>0.939</td>\n",
       "      <td>0.993</td>\n",
       "      <td>0.977</td>\n",
       "      <td>0.896</td>\n",
       "      <td>0.942</td>\n",
       "      <td>0.917</td>\n",
       "      <td>0.881</td>\n",
       "    </tr>\n",
       "    <tr>\n",
       "      <th>30 Years</th>\n",
       "      <td>0.884</td>\n",
       "      <td>0.893</td>\n",
       "      <td>0.897</td>\n",
       "      <td>0.913</td>\n",
       "      <td>0.908</td>\n",
       "      <td>0.924</td>\n",
       "      <td>0.854</td>\n",
       "      <td>0.939</td>\n",
       "      <td>1.000</td>\n",
       "      <td>0.941</td>\n",
       "      <td>0.935</td>\n",
       "      <td>0.857</td>\n",
       "      <td>0.914</td>\n",
       "      <td>0.870</td>\n",
       "      <td>0.854</td>\n",
       "    </tr>\n",
       "    <tr>\n",
       "      <th>4 Years</th>\n",
       "      <td>0.895</td>\n",
       "      <td>0.949</td>\n",
       "      <td>0.917</td>\n",
       "      <td>0.949</td>\n",
       "      <td>0.936</td>\n",
       "      <td>0.964</td>\n",
       "      <td>0.833</td>\n",
       "      <td>0.993</td>\n",
       "      <td>0.941</td>\n",
       "      <td>1.000</td>\n",
       "      <td>0.995</td>\n",
       "      <td>0.847</td>\n",
       "      <td>0.974</td>\n",
       "      <td>0.871</td>\n",
       "      <td>0.833</td>\n",
       "    </tr>\n",
       "    <tr>\n",
       "      <th>5 Years</th>\n",
       "      <td>0.855</td>\n",
       "      <td>0.973</td>\n",
       "      <td>0.880</td>\n",
       "      <td>0.969</td>\n",
       "      <td>0.901</td>\n",
       "      <td>0.936</td>\n",
       "      <td>0.791</td>\n",
       "      <td>0.977</td>\n",
       "      <td>0.935</td>\n",
       "      <td>0.995</td>\n",
       "      <td>1.000</td>\n",
       "      <td>0.805</td>\n",
       "      <td>0.991</td>\n",
       "      <td>0.829</td>\n",
       "      <td>0.791</td>\n",
       "    </tr>\n",
       "    <tr>\n",
       "      <th>6 Months</th>\n",
       "      <td>0.990</td>\n",
       "      <td>0.700</td>\n",
       "      <td>0.981</td>\n",
       "      <td>0.728</td>\n",
       "      <td>0.970</td>\n",
       "      <td>0.946</td>\n",
       "      <td>0.997</td>\n",
       "      <td>0.896</td>\n",
       "      <td>0.857</td>\n",
       "      <td>0.847</td>\n",
       "      <td>0.805</td>\n",
       "      <td>1.000</td>\n",
       "      <td>0.741</td>\n",
       "      <td>0.997</td>\n",
       "      <td>0.997</td>\n",
       "    </tr>\n",
       "    <tr>\n",
       "      <th>7 Years</th>\n",
       "      <td>0.794</td>\n",
       "      <td>0.994</td>\n",
       "      <td>0.821</td>\n",
       "      <td>0.988</td>\n",
       "      <td>0.845</td>\n",
       "      <td>0.886</td>\n",
       "      <td>0.729</td>\n",
       "      <td>0.942</td>\n",
       "      <td>0.914</td>\n",
       "      <td>0.974</td>\n",
       "      <td>0.991</td>\n",
       "      <td>0.741</td>\n",
       "      <td>1.000</td>\n",
       "      <td>0.766</td>\n",
       "      <td>0.729</td>\n",
       "    </tr>\n",
       "    <tr>\n",
       "      <th>9 Months</th>\n",
       "      <td>0.998</td>\n",
       "      <td>0.725</td>\n",
       "      <td>0.992</td>\n",
       "      <td>0.750</td>\n",
       "      <td>0.984</td>\n",
       "      <td>0.964</td>\n",
       "      <td>0.989</td>\n",
       "      <td>0.917</td>\n",
       "      <td>0.870</td>\n",
       "      <td>0.871</td>\n",
       "      <td>0.829</td>\n",
       "      <td>0.997</td>\n",
       "      <td>0.766</td>\n",
       "      <td>1.000</td>\n",
       "      <td>0.989</td>\n",
       "    </tr>\n",
       "    <tr>\n",
       "      <th>ON</th>\n",
       "      <td>0.979</td>\n",
       "      <td>0.691</td>\n",
       "      <td>0.968</td>\n",
       "      <td>0.721</td>\n",
       "      <td>0.956</td>\n",
       "      <td>0.932</td>\n",
       "      <td>1.000</td>\n",
       "      <td>0.881</td>\n",
       "      <td>0.854</td>\n",
       "      <td>0.833</td>\n",
       "      <td>0.791</td>\n",
       "      <td>0.997</td>\n",
       "      <td>0.729</td>\n",
       "      <td>0.989</td>\n",
       "      <td>1.000</td>\n",
       "    </tr>\n",
       "  </tbody>\n",
       "</table>\n",
       "</div>"
      ],
      "text/plain": [
       "tenor      1 Year  10 Years  15 Months  15 Years  18 Months  2 Years  \\\n",
       "tenor                                                                  \n",
       "1 Year      1.000     0.753      0.998     0.776      0.993    0.978   \n",
       "10 Years    0.753     1.000      0.780     0.996      0.805    0.849   \n",
       "15 Months   0.998     0.780      1.000     0.801      0.998    0.989   \n",
       "15 Years    0.776     0.996      0.801     1.000      0.824    0.862   \n",
       "18 Months   0.993     0.805      0.998     0.824      1.000    0.995   \n",
       "2 Years     0.978     0.849      0.989     0.862      0.995    1.000   \n",
       "3 Months    0.979     0.691      0.968     0.721      0.956    0.932   \n",
       "3 Years     0.938     0.910      0.955     0.916      0.969    0.988   \n",
       "30 Years    0.884     0.893      0.897     0.913      0.908    0.924   \n",
       "4 Years     0.895     0.949      0.917     0.949      0.936    0.964   \n",
       "5 Years     0.855     0.973      0.880     0.969      0.901    0.936   \n",
       "6 Months    0.990     0.700      0.981     0.728      0.970    0.946   \n",
       "7 Years     0.794     0.994      0.821     0.988      0.845    0.886   \n",
       "9 Months    0.998     0.725      0.992     0.750      0.984    0.964   \n",
       "ON          0.979     0.691      0.968     0.721      0.956    0.932   \n",
       "\n",
       "tenor      3 Months  3 Years  30 Years  4 Years  5 Years  6 Months  7 Years  \\\n",
       "tenor                                                                         \n",
       "1 Year        0.979    0.938     0.884    0.895    0.855     0.990    0.794   \n",
       "10 Years      0.691    0.910     0.893    0.949    0.973     0.700    0.994   \n",
       "15 Months     0.968    0.955     0.897    0.917    0.880     0.981    0.821   \n",
       "15 Years      0.721    0.916     0.913    0.949    0.969     0.728    0.988   \n",
       "18 Months     0.956    0.969     0.908    0.936    0.901     0.970    0.845   \n",
       "2 Years       0.932    0.988     0.924    0.964    0.936     0.946    0.886   \n",
       "3 Months      1.000    0.881     0.854    0.833    0.791     0.997    0.729   \n",
       "3 Years       0.881    1.000     0.939    0.993    0.977     0.896    0.942   \n",
       "30 Years      0.854    0.939     1.000    0.941    0.935     0.857    0.914   \n",
       "4 Years       0.833    0.993     0.941    1.000    0.995     0.847    0.974   \n",
       "5 Years       0.791    0.977     0.935    0.995    1.000     0.805    0.991   \n",
       "6 Months      0.997    0.896     0.857    0.847    0.805     1.000    0.741   \n",
       "7 Years       0.729    0.942     0.914    0.974    0.991     0.741    1.000   \n",
       "9 Months      0.989    0.917     0.870    0.871    0.829     0.997    0.766   \n",
       "ON            1.000    0.881     0.854    0.833    0.791     0.997    0.729   \n",
       "\n",
       "tenor      9 Months    ON  \n",
       "tenor                      \n",
       "1 Year        0.998 0.979  \n",
       "10 Years      0.725 0.691  \n",
       "15 Months     0.992 0.968  \n",
       "15 Years      0.750 0.721  \n",
       "18 Months     0.984 0.956  \n",
       "2 Years       0.964 0.932  \n",
       "3 Months      0.989 1.000  \n",
       "3 Years       0.917 0.881  \n",
       "30 Years      0.870 0.854  \n",
       "4 Years       0.871 0.833  \n",
       "5 Years       0.829 0.791  \n",
       "6 Months      0.997 0.997  \n",
       "7 Years       0.766 0.729  \n",
       "9 Months      1.000 0.989  \n",
       "ON            0.989 1.000  "
      ]
     },
     "execution_count": 58,
     "metadata": {},
     "output_type": "execute_result"
    }
   ],
   "source": [
    "yield_data.corr()"
   ]
  },
  {
   "cell_type": "code",
   "execution_count": 59,
   "id": "610f3fbd",
   "metadata": {},
   "outputs": [
    {
     "name": "stderr",
     "output_type": "stream",
     "text": [
      "c:\\Users\\M\\miniconda3\\envs\\rlalm\\lib\\site-packages\\pandas\\core\\internals\\blocks.py:351: RuntimeWarning: invalid value encountered in log\n",
      "  result = func(self.values, **kwargs)\n"
     ]
    }
   ],
   "source": [
